603877
603868
603839
603833
603808
603517
603037
002074
601595
601318
601127
002684
600977
600718
600699
600690
002444
600519
600516
600499
600466
002594
600398
600030
300685
300676
300323
300144
300136
300115
300532
300082
300027
300017
002925
002920
002918
002901
002891
002883
002859
002833
002821
002768
002713
002695
002681
002677
002635
002612
002597
002572
002564
002563
002517
002466
002460
002415
002402
002396
002354
002343
002327
002310
002292
603338
002245
002241
002230
002228
002183
002174
002146
002139
002048
002043
002029
002027
002024
002019
000961
000858
000786
000732
000725
000710
000681
000671
000651
000423
000333
000002
603898
603886
603757
603728
603686
603660
603611
603605
603579
603533
603518
603466
603387
603345
603337
603326
603313
603203
603179
603027
601997
601966
601155
601012
600703
600702
600667
600645
600600
600487
600340
600297
600172
300729
300709
300673
300657
300642
300616
300595
300512
300488
300484
300458
300438
300422
300415
300349
300335
300327
300296
300274
300271
300262
300259
300236
300232
300207
300182
300122
300113
300097
300072
300014
